1000052
1000276
1000641
1000856
1000959
1001059
1001152
1001639
1001648
1001853
100236
1002373
1002458
1002878
1002953
1003455
1003558
100357
1003839
1003950
1004256
1004470
1005075
1005552
100562
1005655
1005851
1006148
1006157
1006513
1006559
1006652
1007015
1007051
1007154
1007417
1007734
1007752
100777
1007819
1007873
1007930
1007958
1008076
1008151
1008209
100843
1008450
1008553
1008674
1008955
1009242
1009354
1009756
1009840
1010015
101037
1010574
1011432
1011526
1011553
1011638
1011656
1011852
1011955
1012251
1012457
1012671
1013070
1013650
1013744
1014059
1014125
1014246
1014255
1014376
101439
1014451
1014554
1014657
1014853
1015252
1015270
1015458
1015560
1015841
1015850
1016174
1016231
1016259
1016558
101671
1016718
1016848
1016857
1016941
101738
1017425
1017555
1017564
1017854
1017939
1017957
1018927
101952
102333
102342
10250
102557
102874
103134
104234
104542
104971
105026
105473
105530
106359
106452
106676
107244
107570
107758
108072
108269
10849
108652
108746
108951
109136
109154
109453
109574
109659
110413
110936
110945
110972
111157
111205
11145
111942
111979
112163
112332
112510
112556
112837
113003
113030
113441
113601
113740
114149
114260
114457
114774
114840
114859
115146
1155
115575
1157415
1160509
1162017
1163283
116358
11640
116554
116741
1169650
117038
117074
117458
1176881
1176920
117775
118156
11837
118660
1187001
118736
1187551
1188772
1188987
1190476
1191352
119153
119779
119872
12030
120476
120542
120609
120953
12142
1216022
121642
121651
1218446
121914
122153
1222519
1222948
122546
1225752
1225761
1225798
1228034
123075
12311
123374
124344
124830
125154
125855
125873
126012
126049
126375
12647
126553
126834
127055
127224
128258
128904
1293078
129349
129358
12946
129732
129853
129910
130345
130541
13103
131436
131717
131940
132107
132451
13251
132778
132938
133579
133850
133971
134156
134437
134455
13457
134848
1351
1356768
135836
135854
136048
136338
136655
1369870
137205
137447
137456
137559
137643
137652
137915
138051
138257
138556
1386251
1387203
1387605
139133
1391778
1394621
1394676
139478
139553
139656
1396764
139740
1397471
139843
140157
1402384
140362
1404481
1404883
140634
141350
1414819
14155
141556
141677
1418255
141958
142049
142179
1429028
142955
143372
1435092
1436204
143662
143859
143952
144034
144052
144155
1443266
1444021
1445943
144678
1447639
144856
144913
145059
1454
145545
145554
1456501
145741
145844
1458608
1459717
1459735
1459799
146056
1462986
14650
146663
1469677
1470150
1474309
14753
147651
147679
147857
147923
1479470
148171
1481745
148238
148340
148470
14865
148715
148920
149150
1492817
1493319
1494482
1494914
14977
150035
150044
150727
151957
152057
152253
152440
153054
153353
154154
154770
155759
156457
156970
157155
157379
157650
157744
157856
158376
158741
159636
159645
159953
159971
160360
160454
160959
161273
161602
162337
1629903
163343
163549
163857
164153
164331
164377
164957
164975
16551
165628
165758
166111
166531
166652
166849
1669
167453
167752
168571
169354
169653
169756
170257
170275
170332
17110
171133
17147
171656
171759
171768
1718188
1718469
172251
172457
172475
17259
172859
173306
173557
173575
173641
173959
174321
174367
174572
175056
175140
175458
175609
176101
176325
176437
176464
176642
177135
177443
177500
177555
177751
177920
178150
178244
178356
178851
179148
179335
17950
179700
17978
180144
18050
180845
181963
1820979
182951
183668
1836701
183770
183958
1842065
184656
184759
185251
185448
1856
185859
186221
1863097
1864197
186717
186744
1867983
1872941
187648
1879016
187947
188056
188177
18827
1883321
18836
188430
188449
18854
1885932
188720
188739
188917
1890525
189129
1892154
1893049
189950
190563
190648
190947
190956
191355
1917301
1918344
191935
192147
192558
192651
192857
1929247
193162
193537
19356
193649
193809
1940747
194440
1945247
194570
194936
195111
195157
195456
196752
196800
197142
197254
197302
197478
197759
198073
198149
198251
198961
199137
199351
19936
199436
199463
19972
2002222
200435
20053
2006024
2007991
2009605
2010722
201254
201834
202514
202541
202907
203043
203052
203575
2037185
204004
204237
2044811
2044820
204826
2051127
205243
205346
205458
205542
2059990
206156
206174
20633
206473
206772
2068107
206950
207041
207050
207452
207470
207555
207845
207872
208057
208244
208347
208440
208459
20857
208570
208655
208972
209148
209362
209559
209858
210238
210256
210434
2107181
211114
211271
211338
211851
2119773
212018
2121196
2122997
212344
2123930
212522
21256
212577
2132941
213471
213538
21359
213912
213958
2140348
214106
2142155
214414
214722
214807
215345
215653
215662
215710
2161
216164
2163477
21658
216922
217059
218131
218261
2182786
218878
219044
2193616
219651
219679
220059
22048
220527
220844
2209553
220974
221775
2218443
222156
222558
222754
2232757
223322
2233875
223452
2236821
223751
223845
2239288
224954
225054
225157
22543
22552
225559
225942
2262718
2265456
226949
227151
22730
227357
227656
227777
228000
228158
228279
228345
229070
229173
229342
229454
2297998
229801
2298995
229913
230423
2304636
2305969
230610
230759
231279
2316714
2317672
2325882
2328137
2328285
232847
232856
2329200
233031
233246
2332910
2333140
233358
233442
233527
233554
2337335
2339599
2339795
2343167
234355
2344753
234506
23456
234739
234841
23504
235174
235231
2353595
235446
2354985
235530
235558
2356091
2358769
235950
236153
2362458
236256
23643
236603
236706
236957
237066
2371816
23755
237619
237954
238139
238250
2385514
238737
2390929
2391588
239556
239659
2396592
2396604
2398701
24006
240954
241009
241157
241559
242
242257
242444
242949
242958
242976
243375
2434113
243414
24378
243955
244037
244149
244158
244251
245016
2451240
245276
245351
245557
246022
246134
246451
2465881
24659
246657
2467670
246947
246956
2471239
247140
247355
247476
247551
247908
248240
2482824
248352
248455
248633
248745
2489805
2490285
249416
24949
249612
249658
2497181
2502825
250430
250476
2505424
2505451
2505460
250850
2508751
251352
2515320
251558
251745
251978
252041
252452
2529176
2531562
2531991
2533043
253356
253468
25357
253646
2536633
253730
2539960
254317
254504
254849
255350
255547
255556
255574
255659
256058
256076
256179
2562137
2562164
25647
256553
2567123
2568063
257233
257345
257578
2576134
257653
257756
2577739
2580243
258146
258306
258379
258539
258771
2587916
258874
259059
259330
2594240
2594419
259442
2596646
2597223
2598396
259956
2600039
260055
2602828
2605566
2607412
260831
2608754
2610784
261146
261360
2614344
2615190
2615220
2618780
261940
2619714
262059
2621285
2621940
262237
262358
2624400
2625724
262741
262844
262956
2631172
2631846
263243
2634191
2634351
263627
2641827
2642598
2643595
264455
264772
2649177
2651899
2652092
265340
265407
265452
2654911
265676
2661861
266244
266253
2666400
266655
2667920
2667939
2667957
266851
2668598
266945
26765
267652
268006
268136
2684552
2686211
268677
2687133
2687487
268828
268976
269049
269058
2693264
2694681
269571
2696180
269759
2697963
2700984
270148
2702764
270353
270504
2705112
270531
2705895
270652
27070
2708122
271136
271275
271341
2713920
271529
2716088
2718596
2719810
272030
272058
272151
272272
272302
2723376
2724766
2726050
2729677
2730431
2732
2732565
2733263
273336
2734729
2735137
2735146
273550
2736219
2736291
2736451
273653
273662
2736714
2737980
273840
273859
274025
274052
2743244
2745426
2745529
2746245
2747279
2747466
2747587
274829
2748502
274856
2750
275255
275358
2753917
2754222
275479
275657
2756730
2756909
2757205
2758613
2759629
2760232
276074
27614
276159
2764212
276551
276579
276645
276654
276850
276953
2769570
2769954
2771694
277240
277277
2774707
2775151
2775179
2775692
277736
277820
278256
27847
2785477
278555
2785646
278733
278751
2787770
278818
2788656
279
279105
2791085
2791517
2793593
2794732
2796277
2797162
2797210
2797359
2797724
279842
279954
2800491
280110
28013
280138
280352
2805535
280558
2805928
2806635
2806840
2806877
2807173
2808602
2809373
2811086
28152
2815879
2819167
2819242
2820604
282075
282226
2823221
2826017
282824
2833882
283438
2834759
2835103
2836306
283652
283737
2838207
283867
2839790
284154
284239
284556
2845782
2847085
2847142
284752
2849285
2849463
284958
2849801
2850722
285151
285348
285544
285553
2855866
285740
2857600
2858492
285852
2858960
285928
2860039
2860271
2860459
2861317
286251
286457
2867337
28675
286840
2869162
287007
2871099
2871558
28732
287342
2877345
2877484
2877831
2877840
287922
287959
2880019
2881445
288152
2882983
288376
2887399
288853
2889227
289056
289225
289515
289702
289739
289757
2897633
2901558
290249
2903123
2905761
2907019
2907439
290838
290922
291059
2912750
2913702
291376
2914268
2914727
2915461
291611
2916534
2916963
2917184
2917317
291732
2919898
2920287
2920773
2921622
2921659
292234
292467
2925620
2925666
292850
292908
2929392
293053
293352
293437
293651
293754
2938198
2939001
2939391
294023
2941068
2943615
294751
2947556
29476
294779
2948058
294827
2948423
2949970
295011
295057
2953418
2954059
2954497
295646
2958972
2960555
2960788
2963266
2963275
29636
2963864
296456
296474
296559
296755
297051
2970657
2973041
2973386
297761
2980209
298049
298218
298245
2986407
29878
2989006
2992547
2997216
2997748
2998576
299868
300009
300063
300353
3005097
30052
300933
300942
300960
3010363
301574
3015939
3016347
3017081
301800
3019982
302030
3020447
302133
3022610
302553
3025929
302656
3027763
3029253
3029589
3032833
3034257
303653
303701
303747
303952
3039636
3040418
3041358
304173
3042234
304520
3045383
304575
304762
3047659
3048487
304913
3049635
305059
305077
305237
3052813
305442
306056
306159
306337
3066025
3067929
3068579
306908
3070545
307062
307334
307361
3075474
3076220
3076248
3076453
3076604
307679
30810
308256
308340
308836
3089752
3090833
309150
309655
309851
3103591
310754
3109043
3109146
310978
3110197
311050
311144
311256
311265
31134
311603
3116519
311658
311845
311939
3120646
3120897
312244
3122994
312356
3125315
31255
3125557
3128923
313009
313157
313223
3134399
3134698
313577
3138146
3139321
3140822
3141726
314257
314444
3146150
3148613
3150205
3150447
3153233
3153297
315656
3158546
3160978
3165357
31657
3166699
316840
316859
316934
317258
317342
317379
3174920
317650
3180136
31826
31835
3184228
3185579
3185896
3187630
3189063
318974
319047
3194692
319551
3199811
320034
320052
320070
320119
3202702
321152
3212149
3212402
321255
321273
321330
3213333
3214059
3216017
3216316
3217331
3217957
3219269
321947
3220863
3221468
3223305
32234
3223408
3223417
3224302
3224375
3224478
322449
3224580
322551
3228908
3229875
323204
3232204
3232370
3235410
323651
324153
324229
324256
3243282
324340
3247589
324854
324863
3248849
324975
325141
3252
3253834
3254297
325459
325534
326054
3262788
326344
3267738
3268173
3268249
326858
326979
3270046
3271799
3271986
327220
3272956
327305
327435
3274709
327556
32766
3277241
327855
328058
3280625
3281510
3282012
328357
3284070
3284397
3284445
3284490
3285246
3285778
328656
3286999
3287660
328777
3288452
3290240
329149
329345
3293540
329550
3296859
32971
3297490
329952
330239
330248
3303298
3303944
3306280
3306598
3308529
330855
3308574
330873
3309393
330949
3309571
3310287
331076
331375
3314043
3314119
33147
331544
3316739
331713
3317192
3317932
3320576
3320781
332224
3322468
3325759
33259
332671
332756
333034
333203
333650
33370
3337097
333856
333940
3340725
3340903
3341393
334264
3342671
3344321
3346268
3346633
3347603
3347911
3348468
3348888
3349241
3350658
3350724
3353154
335346
3354599
3356191
3357077
3357219
3357385
3357620
3358270
336147
336361
336576
3368635
3368925
3370133
3370357
337340
3374234
3374382
3374403
3374412
3377235
3378773
3383665
33839
3384952
33857
3385744
3386264
338646
3386536
3387140
3388482
338945
3390337
3390627
339072
3391718
339353
3393851
3394278
3394380
339456
339607
3397233
339773
339858
3398623
340135
340144
3401970
340256
3402913
3404207
3404373
340443
3404467
3404506
3404999
3407084
340742
340751
3408728
3410141
3411773
3412417
341310
3419416
342054
342362
342410
342634
3428258
3429219
343051
343248
3435948
3437148
3437157
3437456
3437483
343770
3438958
343903
343958
3440803
34434
3445901
3446225
344647
3446784
3447576
3447820
3448162
3448425
344852
3449066
3451050
345309
345345
34537
3455227
34555
345747
345756
3458
345877
3459207
3459216
346379
3463875
3465392
346566
3466988
346771
3468450
3470097
3470154
347022
3470239
3470930
3472046
3472859
34742
3475083
3476192
347639
3479018
347956
3480069
348159
3482045
3482111
3485215
3485420
348720
3487433
3487947
3488579
3489071
349129
349343
35057
350572
350657
350750
351131
351560
3517590
351878
352370
352651
352745
352772
3529315
35301
3531176
353238
3532641
353546
353555
3537897
3538009
353957
354
354253
354310
3545258
354552
3546862
3547131
3547896
354851
3548567
3548763
355120
3555248
355559
355858
3561771
356239
35646
356659
3567269
356752
357526
357553
357777
357937
3579589
358112
358448
358756
35879
3588312
3588424
3591004
3592047
3593307
3594005
3594087
359472
3595271
3596250
3596894
3597211
359744
3599804
3603961
360777
3608751
361055
3610718
361167
361279
361354
361439
3614837
3614846
3614976
3617856
3619216
362043
362155
3623110
3623969
3626184
3626858
362717
362856
362940
3629420
3629484
3630323
3633016
3633173
363442
3635029
3635551
3636428
3636446
363648
363657
3636914
3637247
3637685
3637706
363778
364131
364270
364430
3645840
364850
3650808
365325
3655933
365745
365848
365950
366078
366238
366247
366359
3664588
366658
3667132
366854
367150
367178
3671997
367431
367543
3678857
368054
368344
368522
3688043
3688548
368951
3690121
3690635
3690701
36933
369453
369659
37
370020
370347
37051
370721
370833
370954
371223
371232
371362
371559
371755
371849
371924
371942
3719648
3720
3720336
3720608
3721605
372444
372538
372640
372855
3729124
373272
37341
373553
373601
374130
37435
374653
374774
375043
375379
375502
375566
375650
376237
376273
37640
376442
37659
376947
377663
377850
378044
378110
3783313
3783948
3786435
379050
379153
3793714
379470
37949
379649
379920
380346
3804535
380458
380533
3807880
380878
380944
381026
3812147
3816154
3816163
3816190
381932
381950
382050
382069
3821037
3821626
3821822
382256
382274
382443
382537
382649
382658
382742
382854
3832127
3835454
384018
384278
3843392
384353
384652
384830
385350
385471
385547
385686
386432
386450
386731
386825
387055
38740
387671
388155
388258
388557
388744
388753
388874
389358
389376
390372
390840
391418
391557
391575
391959
391977
392152
392255
392778
393252
39327
393355
3938186
3939240
393953
394156
394259
3943210
395238
3952904
396057
396244
396253
396954
3971
397456
397531
397540
397559
39756
397755
397858
398051
398248
398668
398837
399357
399517
399731
399973
400057
400141
40033
400365
400767
401072
401559
401755
401906
401951
402846
402873
403067
403151
403179
403254
4032791
403656
403870
403946
404653
404943
40499
406022
406059
406666
406974
407168
407506
407645
407850
408307
40855
408642
408875
409265
410159
410560
410748
410917
411062
411174
411231
411240
411549
411576
411624
411651
412153
412452
412555
4125778
412667
412751
412845
412872
413141
413208
413347
413543
413646
413673
413758
414102
414652
4146830
414764
414858
4149037
41553
4156
416245
416272
41629
416339
416357
4165907
416656
416674
417626
417710
418100
418249
41825
418436
419406
419460
419675
419947
42037
420578
420644
420877
4210227
421445
421539
422116
422433
422657
4231
423159
423449
42354
423636
42372
423739
424156
42420
424240
424352
424437
42448
42457
425050
425108
425818
425845
425911
426057
426141
426534
426758
426945
427241
427353
427858
427960
428060
428462
428547
428855
429021
429487
430036
430054
430344
43052
431172
431323
431350
432058
432432
433505
43351
433608
433859
433943
434203
434539
435059
435077
435255
435666
435750
436159
436542
436739
4368351
436953
437044
437914
43856
439132
439338
439356
439404
43959
439730
44040
440857
440978
441050
441078
441135
441256
441359
441470
441630
442011
442057
442244
442655
443148
443205
443353
443625
443634
44433
444350
444556
444677
445674
445955
446130
446149
446176
447070
447100
44741
44750
447557
448040
448554
449038
44929
449430
449832
449935
45038
45056
450632
450669
450753
450856
450959
451068
451246
451273
451965
452159
452739
452841
453147
453446
4536084
454546
45458
454658
454676
454975
455150
455253
455459
45551
455552
45560
455945
455972
456045
456054
456344
456755
457
457060
457220
457426
45775
457752
458142
458544
458665
458946
459130
459372
459644
459671
460033
460275
460332
460350
46053
460556
460770
461058
463605
463650
463735
464853
465038
465243
465524
465618
465672
466044
466240
466754
466932
467144
467470
467658
467733
468673
468806
469250
46941
469559
469737
470032
470050
470434
470452
471057
472018
472045
472148
472250
47247
472531
472616
472951
472979
473042
473257
473266
473501
473930
474058
474245
474254
474357
474450
474544
474656
474759
474919
47500
475345
475354
475653
475756
476445
476472
476539
476810
477303
477321
477349
477648
477844
478140
478195
478533
479071
479268
479370
479446
479567
479754
479839
480059
480228
480246
480330
480433
48057
480723
480853
481159
481177
481430
48150
481579
481627
481748
481944
482053
482156
482370
482446
483274
483537
48374
483751
484057
48440
484776
485054
485139
485214
485456
485559
487142
487357
488318
488420
488653
488756
489155
489249
489548
489623
490348
490450
49054
490843
490955
491224
491402
49148
491653
491934
49241
492650
492810
493077
493152
493741
493844
494261
494654
495419
495558
496434
49652
496845
496957
497039
497404
497655
497851
497954
498148
498317
498362
498456
498531
49858
498625
498942
499154
499453
499501
49951
499743
499752
499855
500256
500658
501105
501132
50144
501459
501655
501767
501815
502111
502447
502559
502652
502746
502849
503547
503640
504142
504311
504535
50461
504647
504713
505
505550
505916
5069
506922
507068
507152
507349
507509
508270
508346
508355
509811
509857
509950
510330
510648
510871
510938
510947
511832
51253
513256
513322
513340
5135
513546
51356
513854
514048
514057
514066
514132
514356
51459
514655
514936
515979
516154
516855
516873
517049
517357
517441
517674
518037
518176
518354
51842
518877
519146
519360
519445
519874
520003
520423
520777
5210
521064
521158
521970
522034
522454
522605
522669
522753
523161
524579
524757
524766
524953
524971
525053
525549
526452
526519
526854
527057
527178
52719
527600
527749
527954
528102
528241
528849
528960
529275
529341
52951
529659
529958
53051
530655
530851
531157
531250
532042
532453
532752
533124
533227
533535
534073
534242
534466
534756
534859
534877
535034
535575
535753
535931
535940
536059
536349
536527
536554
536853
537243
537449
537551
537560
538222
538473
538754
538802
539032
539340
539377
539452
539872
540056
540542
540551
54058
540739
540775
540850
541101
541231
541307
541642
541754
541857
542153
542340
542528
542667
542854
543262
543459
543945
544335
544447
544652
544951
545604
546003
5461
546320
546535
546544
54656
547251
547550
547840
548052
548267
548351
548472
548771
54973
549862
550279
550354
550448
550635
550653
550952
551016
552059
552161
552545
552956
552974
553038
55336
553926
553944
554343
554857
555256
556011
55635
556459
55653
556936
557317
557438
557858
559179
55970
560214
560353
560438
560830
561145
561574
561659
561864
562058
56258
563233
563336
563457
56351
563934
564052
564324
564463
564557
564678
564838
564977
565143
565170
56548
565536
565750
565844
566056
566243
56717
567240
567679
567736
568126
568135
568359
568377
568470
568939
570558
570651
571135
571265
571920
571957
572347
572374
572459
572655
573036
573335
574079
57451
574949
574976
5751
575133
575254
575348
575375
575759
575834
576354
576578
576608
576644
576952
577128
577137
577230
578116
578237
578255
578554
578741
578862
579140
579319
579364
579636
580155
580548
580847
580874
581237
581358
58225
58243
582654
582878
582953
582971
583071
583268
583352
58355
583754
583905
584377
584724
584920
58551
585749
586027
586072
586335
58636
586960
58757
587677
587800
588245
588348
589158
589523
58971
589943
590220
590640
590976
591209
591320
591357
591366
592439
592448
592550
592644
593007
593052
59316
593249
593333
59352
59370
593771
593940
594433
594451
594853
594938
594947
595270
595337
595430
595869
595944
596062
596156
596277
596455
596978
597041
597313
597452
59754
597546
597658
598002
598048
598132
598543
599643
599764
600419
601032
601041
601050
601153
601416
60143
601443
601658
602543
602842
603232
60330
603540
603559
603755
6039
604024
604033
604547
604640
60545
60554
605571
605610
605656
606046
606176
60648
606653
607146
608358
608844
609010
609467
609476
609609
609832
610128
610164
610539
610557
610913
611031
61122
612159
612878
613008
613156
613343
613400
61355
613558
613679
613839
613950
613978
614256
614313
614368
614751
614948
615217
615253
615851
615879
615954
616036
616540
617051
617079
617145
617275
61757
617743
61832
618647
618740
618777
618807
61953
619701
619859
619877
62044
62110
621151
621357
621441
62147
622037
622774
623052
623454
623548
623874
624246
624648
624778
624956
625056
625065
625159
625654
625757
625850
625953
626101
627108
627854
628039
628123
628356
628552
629148
629353
629522
629746
630041
630340
63050
630555
630658
63069
631039
631150
631178
631422
631570
63201
632410
632607
632858
6329
633378
633640
634544
634955
63573
635840
635907
636276
636753
636771
637170
63733
637451
637554
638131
638355
638850
639549
639567
639633
639857
640143
640246
640442
640956
641449
64150
641579
642437
643078
643274
643340
643658
644057
644141
644646
644776
644842
644954
644963
645157
645317
645465
64552
645540
645577
645625
646042
646145
646172
646444
646471
646556
646743
646873
647218
647245
64730
647414
647759
647777
647955
648130
648242
648251
648345
648550
649342
649632
651121
651149
651158
651354
651448
651541
651859
651952
652043
65205
652070
652874
652959
653134
653433
653611
653778
653947
654047
654300
654579
655530
65559
655839
656032
656377
656470
656658
656779
657178
657271
657365
657459
657758
657954
658072
658474
65858
658924
659341
659556
659640
659855
660066
660253
660271
660570
660655
660879
660927
661072
661223
661308
661474
66154
662350
662369
66275
662949
663245
663638
663656
663834
663955
664176
664206
664653
664756
665146
665258
665865
666059
666358
666554
666844
666974
667029
667346
667524
667551
667757
668053
668147
669555
670430
670467
670560
670654
670748
670878
671053
671147
671334
67142
671464
67151
671558
67209
672238
672247
672537
67254
672573
673244
673440
673477
673851
673909
674344
674849
675042
675079
675248
675341
675659
675855
676049
676151
67656
677176
677354
677448
677644
677756
677970
678052
678070
678258
678454
678557
67870
678744
679451
680130
680457
680813
681043
681249
682143
682563
682648
683449
683814
684455
685023
685649
685676
686459
686570
68671
686758
687054
68756
687830
687951
688079
68831
688453
688556
689209
689357
689759
691042
691743
691958
692450
692704
692946
693073
693224
69333
693345
693952
694146
694771
694847
694904
695349
695947
696047
696168
696430
696645
69678
697035
697147
697156
697231
697763
697950
698144
698546
698649
699105
699253
700140
700252
700430
700458
7009
701062
701222
701839
701857
702117
70218
702359
702612
702836
702911
702966
703039
703552
703767
70414
7045
705378
705556
706030
706058
706236
706254
70638
706450
706656
7072
707354
708379
709143
709451
70955
709554
709602
709639
709956
710176
71073
710859
711472
711520
711548
711753
711801
712059
712648
712956
713252
713476
713926
714165
714437
71457
714839
714978
715032
715050
715144
715340
715470
715630
715872
715975
716374
716833
716851
716954
717232
717670
717737
717924
718145
718275
718538
71859
719030
719610
719656
719964
720157
720344
720746
720858
721350
721752
721949
722227
722432
722544
72258
722777
722816
723112
723158
72351
723550
723653
723756
72454
724744
724904
724940
725077
725732
725741
726458
72678
726953
727174
728948
728957
729011
729057
729178
729310
729842
729945
731050
73116
731247
73152
731957
732178
732253
732637
732758
732918
732954
733054
733540
733559
733661
733755
733951
734248
734350
734538
734613
735067
735414
735441
73554
735973
736158
736550
737548
738013
738040
738143
738255
738303
738657
738769
739346
739355
73956
739560
739832
740249
74056
741068
741152
741330
741358
74140
741844
741956
741974
742056
742542
742944
743679
743950
74403
74449
744854
745347
7456
746157
746755
746942
746979
747051
747257
748254
748357
748441
748964
749242
749635
749840
749943
750051
750127
750341
750444
750846
751254
751656
751852
75259
752831
753052
753324
753641
753856
754068
754246
75446
754536
75455
754826
754853
754929
755252
755421
755458
75633
756343
75651
756848
757377
757452
757779
758703
758842
758851
759045
759625
760210
760331
760340
760434
760649
760854
760939
760957
761244
761459
76153
761543
761806
761833
761851
761954
762045
762447
762474
762773
763211
7634
763677
763930
764030
764058
764067
764142
764151
76443
764816
765318
765354
765505
765662
765877
766052
766164
767152
767246
767255
767554
767572
767611
767732
767974
768074
768458
768476
76854
768953
769334
770451
770545
770639
770657
770853
771047
771140
771458
77150
771609
771748
771878
772008
772446
77253
772754
773032
773171
773247
773443
773470
773742
774132
77422
774235
774253
774347
775054
775241
775456
775773
776369
776547
777254
777366
777441
777870
77851
778738
779016
779351
779360
779641
779650
779968
780049
780218
780263
780722
780955
78157
782016
782306
78241
782548
783161
783246
783349
783648
783844
783910
784159
784430
785147
785473
78559
785857
785923
785950
786210
786256
786555
786612
786733
786948
787459
787842
788559
788652
788773
789051
790150
790271
79042
790543
790703
790918
791072
79127
791353
79145
791821
791942
792453
79257
792640
792659
794149
794345
794475
794653
795249
795548
795959
795968
796152
796657
797140
797775
798512
79855
799751
799854
799939
799948
800134
800442
800479
800657
800853
801047
801056
80150
801654
803256
803265
803649
803658
80374
803957
804150
80431
804338
804374
804422
804860
805045
805250
805335
805755
805876
806846
806958
807348
807432
807656
807955
808260
808345
808653
809070
809276
809379
809650
809771
810544
811046
811457
811541
811550
811747
81175
812164
812379
812436
812557
812614
813572
813853
814074
814355
814430
814458
814476
814551
814711
815053
815147
815156
815277
815754
815772
816256
816304
816603
816751
817477
817824
818401
818540
818559
818652
819154
819172
819453
819556
819855
820048
820301
82033
820477
820842
820879
821036
821157
821559
821643
822042
822051
822275
822556
82257
822631
823133
823142
823450
823478
82350
823553
823638
823656
824242
824653
824671
824738
825146
825454
825548
825753
825847
825940
826451
826648
826956
827355
827458
827560
828110
828174
828473
828651
829032
829041
829050
830113
830252
830355
830542
830645
830748
831008
831576
831642
831875
831941
832528
832546
833404
833749
83375
833851
834175
835079
835257
835378
835444
835613
835659
835743
835770
83638
836656
836843
837000
837046
837149
837158
837354
837448
837541
837608
837653
837840
837952
837970
838155
83834
83852
839068
839246
839255
83955
839572
839817
839974
840019
840251
840354
840363
84046
840747
841472
841753
841838
842376
842460
842853
843476
843953
844053
844138
844455
844567
845247
84541
845573
846132
8462
846945
847157
847979
848248
848453
849076
849348
849357
849432
850036
850054
850456
85052
851060
851172
851239
851631
852218
852254
852320
852544
852704
852713
852973
853251
853671
853747
853804
853934
853952
854173
85472
854753
854847
855143
855264
855303
855563
855741
855844
855956
856159
856243
856346
856458
856542
856748
856869
857259
857455
857745
857811
857875
857941
858153
858443
858452
858528
858818
858854
859002
859141
85931
859552
859655
859712
860053
860147
860231
860259
860334
860352
861153
861658
861854
862057
862141
8631
863362
86349
863607
863652
863746
864378
864471
864846
864855
865142
865151
865450
865544
865759
865852
866000
866121
866251
86675
867070
867632
867650
867856
868059
868572
868956
869346
869551
869663
869953
87047
870539
870650
870856
870913
871358
871648
871769
871956
872047
87234
872579
873259
874050
874452
87476
874845
875048
875057
875132
875655
875758
87579
875879
875936
876157
876634
876700
877350
877752
877958
879336
879439
879457
879550
879644
879747
880332
880855
881012
881441
881478
881852
881900
882242
88231
882541
88259
882701
882952
883351
88352
883959
884303
884358
884376
884442
88455
884648
884657
885252
885430
885579
885869
886204
886624
887340
887827
887854
888002
888141
888271
888552
888833
890050
89032
890649
890742
890957
891226
891253
89135
892205
892223
893855
894272
894348
894544
894834
895055
895448
895710
896155
897170
897237
897451
897648
897853
898458
89854
898579
898627
898850
899008
899343
899428
89957
899642
899651
900034
900146
900306
90047
900502
900678
901134
901358
901451
90177
901938
901974
902645
902672
903240
90328
90337
903754
903950
904171
904359
904845
905356
905673
90579
906241
906410
907444
907547
908450
908553
908861
909055
909756
910079
910118
910239
911160
911339
911759
911973
912756
913146
913436
913753
913856
914545
914648
914853
915056
915065
915878
915935
91615
916343
916745
916857
917050
917500
91754
917555
917630
917742
917854
918132
918150
918356
918477
918655
918776
918879
918918
918954
919344
919456
91950
919568
919773
920210
920359
920733
920854
920975
921039
921178
92144
921655
921879
921936
922157
922344
922559
922924
923257
923350
923707
923752
923855
923949
924058
924236
924254
924357
924553
924937
925037
925055
925354
925411
925653
926632
926650
92676
926959
92706
927077
927134
927479
928056
928421
928618
92902
929352
929932
929978
930358
930442
930853
930965
931038
931047
931159
931207
931270
931355
931458
931944
93244
932642
932745
932978
933023
933041
933256
933340
933377
933621
933966
933975
934271
934329
934673
935250
935308
93543
935559
935577
9357
935719
936136
93619
936426
936462
936583
936640
936837
936855
937339
937553
937740
937759
937834
937843
938354
938550
938859
939070
939249
940021
940311
940674
940731
940852
94139
941541
941804
942454
942539
942847
943143
943152
943273
943675
943853
943974
944047
944337
944355
944627
944739
944748
944935
945026
945053
945071
94522
945950
946274
946555
947525
94755
947749
947776
948250
948278
948531
94858
949154
949453
950141
950178
950356
95051
950758
951102
952172
952257
952677
952846
953535
953843
953852
954158
954251
954279
954653
954671
9553
955753
955940
955959
955977
956134
956152
956255
956358
956376
956527
956554
956750
95677
956938
956956
957757
958204
958231
958558
958763
959304
959443
959630
959715
960047
960551
960935
961259
961343
961400
961446
961576
961624
961811
962313
962890
962966
963002
963730
963945
964157
964250
965051
96553
965789
966272
966722
966731
966973
967046
967952
968070
968155
968249
968744
969059
969255
969639
969844
969956
970055
97055
971070
971379
971959
972143
972406
972648
972732
972750
972769
97279
972862
973252
974558
97457
974754
975153
975256
975452
975751
975854
976534
976552
976703
976954
977045
977250
977616
977652
977951
97804
978118
979133
979151
979375
97943
979629
979759
980438
980531
980661
9807
980773
980951
980960
981350
981453
982142
982348
982553
983055
983158
983457
98351
983550
984258
984351
984454
98463
984856
985451
985479
986159
986551
986757
986935
98717
987231
987259
987576
987651
987848
988144
988153
988256
988452
989141
989347
989534
989730
989851
990053
990352
990642
991078
991135
991340
991359
99143
991555
991621
991854
992851
993250
99376
99442
994435
994770
995076
995272
99536
9955
995517
995571
995674
995955
996260
997155
997557
997847
998358
99853
998648
998657
998844
999935
